start=0.000000
volume=64.939026
