start=38.170000
pause=no
volume=63.414635
fullscreen=yes
aid=4
